Apr 1 87 2090
Apr 10 96 2049
Apr 11 97 2093
Apr 12 98 2066
Apr 13 99 1844
Apr 14 100 2784
Apr 15 101 2831
Apr 16 102 2188
Apr 17 103 2216
Apr 18 104 2469
Apr 19 105 2059
Apr 2 88 1502
Apr 20 106 2029
Apr 21 107 1962
Apr 22 108 2471
Apr 23 109 2425
Apr 24 110 2315
Apr 25 111 2359
Apr 26 112 2358
Apr 28 113 1406
Apr 29 114 2053
Apr 3 89 1258
Apr 30 115 2914
Apr 4 90 1075
Apr 5 91 2185
Apr 7 93 2124
Apr 8 94 1293
Apr 9 95 2156
Feb 1 28 1107
Feb 10 37 3133
Feb 11 38 1209
Feb 12 39 1597
Feb 13 40 3939
Feb 14 41 1518
Feb 15 42 1502
Feb 16 43 3491
Feb 17 44 1130
Feb 18 45 1335
Feb 19 46 3348
Feb 2 29 1032
Feb 20 47 1874
Feb 21 48 2312
Feb 22 49 1035
Feb 23 50 2028
Feb 24 51 3628
Feb 25 52 1357
Feb 26 53 1781
Feb 27 54 1492
Feb 28 55 4371
Feb 3 30 1111
Feb 4 31  1113
Feb 5 32  990 
Feb 6 33 1307
Feb 7 34 2060
Feb 8 35 846 
Feb 9 36 1044
Jan 10 6 860 
Jan 11 7 1084
Jan 12 8 837 
Jan 13 9 796 
Jan 14 10 878 
Jan 15 11 937 
Jan 16 12 967 
Jan 17 13 1021
Jan 18 14 963 
Jan 19 15 1139
Jan 20 16 1093
Jan 21 17 1001
Jan 22 18 1052
Jan 23 19 891 
Jan 24 20 1445
Jan 25 21 894 
Jan 26 22 1033
Jan 27 23 1007
Jan 28 24 987 
Jan 29 25 1010
Jan 30 26 1134
Jan 31 27 963 
Jan 5 1 992 
Jan 6 2 995 
Jan 7 3 1112
Jan 8 4 825 
Jan 9 5 883 
June 1 147 2410
June 10 156 2671
June 11 157 1763
June 12 158 2432
June 13 159 2037
June 14 160 2249
June 15 161 2631
June 16 162 2662
June 17 163 3621
June 18 164 2943
June 19 165 2431
June 2 148 2275
June 20 166 2528
June 21 167 1738
June 23 168 1828
June 24 169 2236
June 29 170 2893
June 3 149 2303
June 30 171 1807
June 4 150 3061
June 5 151 2686
June 6 152 3912
June 7 153 2476
June 8 154 2190
June 9 155 3321
Mar 1 56 1832
Mar 10 65 1858
Mar 11 66 2228
Mar 12 67 2355
Mar 13 68 1097
Mar 14 69 953 
Mar 15 70 1891
Mar 16 71 1857
Mar 17 72 2294
Mar 18 73 1260
Mar 19 74 2010
Mar 2 57 1583
Mar 20 75 2019
Mar 21 76 2023
Mar 22 77 1781
Mar 23 78 2513
Mar 24 79 2336
Mar 25 80 1751
Mar 26 81 2284
Mar 27 82 1879
Mar 28 83 2139
Mar 29 84 1817
Mar 3 58 3758
Mar 30 85 1459
Mar 31 86 1752
Mar 4 59 1901
Mar 5 60 2322
Mar 6 61 1975
Mar 7 62 1661
Mar 8 63 1448
Mar 9 64 1870
May 1 116 2606
May 10 125 2915
May 11 126 2302
May 12 127 2187
May 13 128 2665
May 14 129 2458
May 15 130 2367
May 16 131 2701
May 17 132 3115
May 18 133 2346
May 19 134 2516
May 2 117 2481
May 20 135 2159
May 21 136 2125
May 22 137 1977
May 23 138 863 
May 24 139 590 
May 25 140 705 
May 26 141 1466
May 27 142 2447
May 28 143 3054
May 29 144 1964
May 3 118 2847
May 30 145 2800
May 31 146 3395
May 4 119 2310
May 5 120 2321
May 6 121 2344
May 7 122 2343
May 8 123 1771
May 9 124 3335